255 255 255 255 255 255 255 255 255 255 255 255 255 255 255 255
255 159 127 127 113 187 165 119 111 207 245 111 127 127 151 255
255 127 174 111 134 223 124 119 122 245 232 127 120 165 127 255
255 127 111   0 127 223 191 127  87 111 127 127  15  95 127 255
255 113 134 127  79 181 151  67 151 191 183  71 128 133 106 255
255 175 175 127 175 179  97 183 175 179 191 175 223 223 185 255
255 105  58   0  79 175 127 119 127  73 191 167  92 117 167 255
255 151 159  95 119 183  87 111 183 175 155 159 171 119 103 255
255 151  84 103 127  39  88 139 167  63 130 215 146 159 158 255
255 115 181  63 127 139 173 199 229 187 167 159  75  67 119 255
255 189 176 127 127 135 188 131  95 159  79 135 113 107 202 255
255 111 127 127  71 223 191 159 151 159 135 191  71 191 103 255
255 127 120  15 128 133 114 167 146  75  57  71  70 129 143 255
255 127 165  95 133 175 121 151 215  95 189 127 115  43  79 255
255 151 127 127 106 167 143 211 182 149 111 231 172 197 158 255
255 255 255 255 255 255 255 255 255 255 255 255 255 255 255 255
255 255 255 255 255 255 255 255 255 255 255 255 255 255 255 255
255 159 127 127 113 187 165 119 111 207 245 111 127 127 151 255
255 127 174 111 134 223 124 119 122 245 232 127 120 165 127 255
255 127 111   0 127 223 191 127  87 111 127 127  15  95 127 255
255 113 134 127  79 181 151  67 151 191 183  71 128 133 106 255
255 175 175 127 175 179  97 183 175 179 191 175 223 223 185 255
255 105  58   0  79 175 127 119 127  73 191 167  92 117 167 255
255 151 159  95 119 183  87 111 183 175 155 159 171 119 103 255
255 151  84 103 127  39  88 139 167  63 130 215 146 159 158 255
255 115 181  63 127 139 173 199 229 187 167 159  75  67 119 255
255 189 176 127 127 135 188 131  95 159  79 135 113 107 202 255
255 111 127 127  71 223 191 159 151 159 135 191  71 191 103 255
255 127 120  15 128 133 114 167 146  75  57  71  70 129 143 255
255 127 165  95 133 175 121 151 215  95 189 127 115  43  79 255
255 151 127 127 106 167 143 211 182 149 111 231 172 197 158 255
255 255 255 255 255 255 255 255 255 255 255 255 255 255 255 255
255 255 255 255 255 255 255 255 255 255 255 255 255 255 255 255
255 159 127 127 113 187 165 119 111 207 245 111 127 127 151 255
255 127 174 111 134 223 124 119 122 245 232 127 120 165 127 255
255 127 111   0 127 223 191 127  87 111 127 127  15  95 127 255
255 113 134 127  79 181 151  67 151 191 183  71 128 133 106 255
255 175 175 127 175 179  97 183 175 179 191 175 223 223 185 255
255 105  58   0  79 175 127 119 127  73 191 167  92 117 167 255
255 151 159  95 119 183  87 111 183 175 155 159 171 119 103 255
255 151  84 103 127  39  88 139 167  63 130 215 146 159 158 255
255 115 181  63 127 139 173 199 229 187 167 159  75  67 119 255
255 189 176 127 127 135 188 131  95 159  79 135 113 107 202 255
255 111 127 127  71 223 191 159 151 159 135 191  71 191 103 255
255 127 120  15 128 133 114 167 146  75  57  71  70 129 143 255
255 127 165  95 133 175 121 151 215  95 189 127 115  43  79 255
255 151 127 127 106 167 143 211 182 149 111 231 172 197 158 255
255 255 255 255 255 255 255 255 255 255 255 255 255 255 255 255

255 255 255 255 255 255 255 255 255 255 255 255 255 255 255 255
255 151 127 127 108 187 171 107 162 127 207 110 151  87 165 255
255 127 165 108 130 231 119 122 147  67 107 188 128  33 207 255
255 127 108  16 127 231  86 169 137  81 113  67  67 121 174 255
255 108 130 127  71 182 168 161 216 144 135 183  71 121 234 255
255 239 221 130 179 191 191 156 132 163  87 135  53 189 119 255
255 211 239 112 191 175  77 171  63 185 151 144  81  95 157 255
255 107 120  95 155 179 119 191 163 224 103 156 137 215 182 255
255 118 122 117  65 192 119 115 143 196 132 160 167 156 210 255
255 157 123 188 147  91 127  81  96 177 187 191 112 123 151 255
255 187 231 231 182 181 179 178  39 135 139 228 130 179 171 255
255 108 130 127  71 179  79 123 127 127 127  71 127 130 108 255
255 127 108  16 127 130   1  97 101  67 127 127  16 108 127 255
255 127 165 108 130 179  55 157  86 175 169 130 108 165 127 255
255 151 127 127 108 171 101 152 143 113 187 108 127 127 151 255
255 255 255 255 255 255 255 255 255 255 255 255 255 255 255 255
255 255 255 255 255 255 255 255 255 255 255 255 255 255 255 255
255 151 127 127 108 187 171 107 162 127 207 110 151  87 165 255
255 127 165 108 130 231 119 122 147  67 107 188 128  33 207 255
255 127 108  16 127 231  86 169 137  81 113  67  67 121 174 255
255 108 130 127  71 182 168 161 216 144 135 183  71 121 234 255
255 239 221 130 179 191 191 156 132 163  87 135  53 189 119 255
255 211 239 112 191 175  77 171  63 185 151 144  81  95 157 255
255 107 120  95 155 179 119 191 163 224 103 156 137 215 182 255
255 118 122 117  65 192 119 115 143 196 132 160 167 156 210 255
255 157 123 188 147  91 127  81  96 177 187 191 112 123 151 255
255 187 231 231 182 181 179 178  39 135 139 228 130 179 171 255
255 108 130 127  71 179  79 123 127 127 127  71 127 130 108 255
255 127 108  16 127 130   1  97 101  67 127 127  16 108 127 255
255 127 165 108 130 179  55 157  86 175 169 130 108 165 127 255
255 151 127 127 108 171 101 152 143 113 187 108 127 127 151 255
255 255 255 255 255 255 255 255 255 255 255 255 255 255 255 255
255 255 255 255 255 255 255 255 255 255 255 255 255 255 255 255
255 151 127 127 108 187 171 107 162 127 207 110 151  87 165 255
255 127 165 108 130 231 119 122 147  67 107 188 128  33 207 255
255 127 108  16 127 231  86 169 137  81 113  67  67 121 174 255
255 108 130 127  71 182 168 161 216 144 135 183  71 121 234 255
255 239 221 130 179 191 191 156 132 163  87 135  53 189 119 255
255 211 239 112 191 175  77 171  63 185 151 144  81  95 157 255
255 107 120  95 155 179 119 191 163 224 103 156 137 215 182 255
255 118 122 117  65 192 119 115 143 196 132 160 167 156 210 255
255 157 123 188 147  91 127  81  96 177 187 191 112 123 151 255
255 187 231 231 182 181 179 178  39 135 139 228 130 179 171 255
255 108 130 127  71 179  79 123 127 127 127  71 127 130 108 255
255 127 108  16 127 130   1  97 101  67 127 127  16 108 127 255
255 127 165 108 130 179  55 157  86 175 169 130 108 165 127 255
255 151 127 127 108 171 101 152 143 113 187 108 127 127 151 255
255 255 255 255 255 255 255 255 255 255 255 255 255 255 255 255

255 255 255 255 255 255 255 255 255 255 255 255 255 255 255 255
255 158 197 172 231 111 149 182 211 143 167 106 127 127 151 255
255  79  43 115 127 189  95 215 151 121 175 133  95 165 127 255
255 143 129  70  71  57  75 146 167 114 133 128  15 120 127 255
255 105 188  70 187 131 152 152 163 191 220  75 127 130 112 255
255 199 113 110 139  83 159  99 133 186 139 127 127 172 188 255
255 123  68  78 151 159 190 222 193 174 138 127  63 180 116 255
255 158 159 146 215 130  63 167 139  88  39 127 103  84 151 255
255 103 119 171 159 155 175 183 111  87 183 119  95 159 151 255
255 167 116  88 171 191  74 123 115 131 175  75   0  57 106 255
255 186 231 231 179 191 178 179 185  94 182 179 127 179 175 255
255 104 130 127  67 183 191 151  65 151 178  75 127 130 112 255
255 127 100  23 127 130 116  91 125 188 223 127   7 115 127 255
255 127 160 112 127 228 240 119 115 130 223 133 103 169 127 255
255 147 127 127 107 244 207 107 117 158 186 109 127 127 155 255
255 255 255 255 255 255 255 255 255 255 255 255 255 255 255 255
255 255 255 255 255 255 255 255 255 255 255 255 255 255 255 255
255 158 197 172 231 111 149 182 211 143 167 106 127 127 151 255
255  79  43 115 127 189  95 215 151 121 175 133  95 165 127 255
255 143 129  70  71  57  75 146 167 114 133 128  15 120 127 255
255 105 188  70 187 131 152 152 163 191 220  75 127 130 112 255
255 199 113 110 139  83 159  99 133 186 139 127 127 172 188 255
255 123  68  78 151 159 190 222 193 174 138 127  63 180 116 255
255 158 159 146 215 130  63 167 139  88  39 127 103  84 151 255
255 103 119 171 159 155 175 183 111  87 183 119  95 159 151 255
255 167 116  88 171 191  74 123 115 131 175  75   0  57 106 255
255 186 231 231 179 191 178 179 185  94 182 179 127 179 175 255
255 104 130 127  67 183 191 151  65 151 178  75 127 130 112 255
255 127 100  23 127 130 116  91 125 188 223 127   7 115 127 255
255 127 160 112 127 228 240 119 115 130 223 133 103 169 127 255
255 147 127 127 107 244 207 107 117 158 186 109 127 127 155 255
255 255 255 255 255 255 255 255 255 255 255 255 255 255 255 255
255 255 255 255 255 255 255 255 255 255 255 255 255 255 255 255
255 158 197 172 231 111 149 182 211 143 167 106 127 127 151 255
255  79  43 115 127 189  95 215 151 121 175 133  95 165 127 255
255 143 129  70  71  57  75 146 167 114 133 128  15 120 127 255
255 105 188  70 187 131 152 152 163 191 220  75 127 130 112 255
255 199 113 110 139  83 159  99 133 186 139 127 127 172 188 255
255 123  68  78 151 159 190 222 193 174 138 127  63 180 116 255
255 158 159 146 215 130  63 167 139  88  39 127 103  84 151 255
255 103 119 171 159 155 175 183 111  87 183 119  95 159 151 255
255 167 116  88 171 191  74 123 115 131 175  75   0  57 106 255
255 186 231 231 179 191 178 179 185  94 182 179 127 179 175 255
255 104 130 127  67 183 191 151  65 151 178  75 127 130 112 255
255 127 100  23 127 130 116  91 125 188 223 127   7 115 127 255
255 127 160 112 127 228 240 119 115 130 223 133 103 169 127 255
255 147 127 127 107 244 207 107 117 158 186 109 127 127 155 255
255 255 255 255 255 255 255 255 255 255 255 255 255 255 255 255

255 255 255 255 255 255 255 255 255 255 255 255 255 255 255 255
255 151 127 127 108 187 113 143 152 101 171 108 127 127 151 255
255 127 165 108 130 169 175  86 157  55 179 130 108 165 127 255
255 127 108  16 127 127  67 101  97   1 130 127  16 108 127 255
255 108 130 127  71 127 127 127 123  79 179  71 127 130 108 255
255 171 179 130 228 139 135  39 178 179 181 182 231 231 187 255
255 151 123 112 191 187 177  96  81 127  91 147 188 123 157 255
255 210 156 167 160 132 196 143 115 119 192  65 117 122 118 255
255 182 215 137 156 103 224 163 191 119 179 155  95 120 107 255
255 157  95  81 144 151 185  63 171  77 175 191 112 239 211 255
255 119 189  53 135  87 163 132 156 191 191 179 130 221 239 255
255 234 121  71 183 135 144 216 161 168 182  71 127 130 108 255
255 174 121  67  67 113  81 137 169  86 231 127  16 108 127 255
255 207  33 128 188 107  67 147 122 119 231 130 108 165 127 255
255 165  87 151 110 207 127 162 107 171 187 108 127 127 151 255
255 255 255 255 255 255 255 255 255 255 255 255 255 255 255 255
255 255 255 255 255 255 255 255 255 255 255 255 255 255 255 255
255 151 127 127 108 187 113 143 152 101 171 108 127 127 151 255
255 127 165 108 130 169 175  86 157  55 179 130 108 165 127 255
255 127 108  16 127 127  67 101  97   1 130 127  16 108 127 255
255 108 130 127  71 127 127 127 123  79 179  71 127 130 108 255
255 171 179 130 228 139 135  39 178 179 181 182 231 231 187 255
255 151 123 112 191 187 177  96  81 127  91 147 188 123 157 255
255 210 156 167 160 132 196 143 115 119 192  65 117 122 118 255
255 182 215 137 156 103 224 163 191 119 179 155  95 120 107 255
255 157  95  81 144 151 185  63 171  77 175 191 112 239 211 255
255 119 189  53 135  87 163 132 156 191 191 179 130 221 239 255
255 234 121  71 183 135 144 216 161 168 182  71 127 130 108 255
255 174 121  67  67 113  81 137 169  86 231 127  16 108 127 255
255 207  33 128 188 107  67 147 122 119 231 130 108 165 127 255
255 165  87 151 110 207 127 162 107 171 187 108 127 127 151 255
255 255 255 255 255 255 255 255 255 255 255 255 255 255 255 255
255 255 255 255 255 255 255 255 255 255 255 255 255 255 255 255
255 151 127 127 108 187 113 143 152 101 171 108 127 127 151 255
255 127 165 108 130 169 175  86 157  55 179 130 108 165 127 255
255 127 108  16 127 127  67 101  97   1 130 127  16 108 127 255
255 108 130 127  71 127 127 127 123  79 179  71 127 130 108 255
255 171 179 130 228 139 135  39 178 179 181 182 231 231 187 255
255 151 123 112 191 187 177  96  81 127  91 147 188 123 157 255
255 210 156 167 160 132 196 143 115 119 192  65 117 122 118 255
255 182 215 137 156 103 224 163 191 119 179 155  95 120 107 255
255 157  95  81 144 151 185  63 171  77 175 191 112 239 211 255
255 119 189  53 135  87 163 132 156 191 191 179 130 221 239 255
255 234 121  71 183 135 144 216 161 168 182  71 127 130 108 255
255 174 121  67  67 113  81 137 169  86 231 127  16 108 127 255
255 207  33 128 188 107  67 147 122 119 231 130 108 165 127 255
255 165  87 151 110 207 127 162 107 171 187 108 127 127 151 255
255 255 255 255 255 255 255 255 255 255 255 255 255 255 255 255
